0 0 0 0 0 0 0 0 0 0 0 0 0 0 0 0 0 0 0 0 0 0 0 0 0 0 0 0 0 0 0 0 0 0 0 0 0 0 0 0 0 
100 49.9887 30.2119 20.9044 15.8028 12.6532 10.5301 9.00422 7.85379 6.95399 6.22944 5.63199 5.12946 4.69952 4.32617 3.99768 3.70521 3.44198 3.20273 2.98328 2.78028 2.59101 2.41326 2.24519 2.08528 1.93224 1.78501 1.64267 1.50445 1.36969 1.23783 1.1084 0.980974 0.85521 0.7308 0.607481 0.485021 0.363218 0.24189 0.120869 0 
100 69.7428 49.9547 37.6028 29.6538 24.2797 20.4631 17.633 15.4569 13.7327 12.3318 11.1691 10.1863 9.34244 8.6075 7.95934 7.38116 6.85999 6.38567 5.95011 5.54681 5.1705 4.81684 4.48223 4.16368 3.85869 3.56513 3.28122 3.00543 2.73647 2.47324 2.21478 1.96029 1.70907 1.46051 1.2141 0.969386 0.725962 0.483472 0.241587 0 
100 79.0277 62.2614 49.8981 40.9299 34.3487 29.4096 25.6076 22.6083 20.1882 18.1959 16.5262 15.1044 13.8764 12.802 11.851 11.0001 10.2312 9.52983 8.88467 8.28637 7.72735 7.20137 6.70321 6.22853 5.77369 5.3356 4.91164 4.49958 4.09754 3.70387 3.3172 2.93634 2.56025 2.18807 1.81903 1.45246 1.08777 0.724448 0.362007 0 
100 84.1066 70.1651 58.7984 49.8189 42.7758 37.2188 32.7797 29.1803 26.2159 23.7374 21.6353 19.8287 18.2567 16.8732 15.6426 14.5371 13.5347 12.6178 11.7724 10.9866 10.2512 9.55806 8.9007 8.27355 7.67195 7.09194 6.53016 5.98373 5.45021 4.92751 4.41382 3.9076 3.40754 2.9125 2.42149 1.93364 1.44822 0.964542 0.481993 0 
100 87.2337 75.4939 65.3117 56.7713 49.7169 43.9101 39.1122 35.1172 31.7578 28.9025 26.4491 24.3183 22.4485 20.7915 19.3091 17.971 16.7527 15.6345 14.6003 13.6367 12.7327 11.879 11.068 10.293 9.54862 8.83006 8.13332 7.45497 6.79208 6.14213 5.50295 4.87271 4.24982 3.63289 3.02077 2.41241 1.80692 1.20351 0.601424 0 
100 89.3341 79.2653 70.183 62.2378 55.4105 49.5922 44.6419 40.4185 36.7956 33.6656 30.9401 28.5469 26.4276 24.5352 22.8313 21.2849 19.8706 18.5672 17.3576 16.2271 15.1638 14.1573 13.1992 12.2819 11.3995 10.5464 9.71809 8.91076 8.12101 7.34596 6.58316 5.83048 5.08611 4.34849 3.61628 2.88831 2.16356 1.44113 0.720197 0 
100 90.8374 82.0503 73.9171 66.5864 60.0951 54.4065 49.4447 45.1194 41.3403 38.0244 35.0989 32.5015 30.1799 28.0903 26.1961 24.4669 22.8774 21.4063 20.0356 18.7505 17.538 16.3874 15.2894 14.2361 13.2209 12.2378 11.2819 10.349 9.43523 8.53756 7.65324 6.77994 5.91566 5.05869 4.20756 3.36099 2.51788 1.67726 0.838236 0 
100 91.9654 84.1813 76.8488 70.0955 63.977 58.4939 53.611 49.2741 45.4219 41.9928 38.9295 36.1804 33.7003 31.4499 29.3958 27.5093 25.7659 24.1448 22.6283 21.2011 19.8503 18.5648 17.3349 16.1524 15.0101 13.9021 12.8229 11.7679 10.7334 9.7158 8.7123 7.72037 6.7379 5.76305 4.79426 3.8302 2.86972 1.91178 0.955488 0 
100 92.8427 85.8606 79.2014 72.9698 67.2236 61.9811 57.2312 52.9442 49.0802 45.5954 42.4459 39.5904 36.9908 34.6133 32.428 30.4085 28.532 26.7788 25.1315 23.5754 22.0974 20.6865 19.333 18.0283 16.7653 15.5375 14.3395 13.1666 12.0146 10.88 9.75978 8.65136 7.55251 6.46134 5.37624 4.29585 3.219 2.14466 1.07194 0 
100 93.5449 87.2168 81.1266 75.3586 69.9665 64.9756 60.3886 56.1914 52.3595 48.8626 45.6684 42.7443 40.0593 37.5846 35.2943 33.1647 31.175 29.3067 27.5436 25.8714 24.2775 22.751 21.2821 19.8626 18.4851 17.1431 15.8311 14.5442 13.2783 12.0298 10.7955 9.57278 8.35944 7.15356 5.95352 4.75797 3.56576 2.37593 1.1876 0 
100 94.1202 88.3351 82.7296 77.3715 72.308 67.5664 63.1561 59.0732 55.3036 51.8273 48.6208 45.6591 42.9173 40.3717 37.9998 35.7809 33.6965 31.7295 29.8649 28.0891 26.3903 24.7577 23.182 21.655 20.1694 18.7187 17.2975 15.9009 14.5247 13.1653 11.8196 10.4848 9.15892 7.83993 6.5263 5.21674 3.91017 2.60568 1.30252 0 
100 94.6008 89.2739 84.0853 79.0897 74.3278 69.8257 65.5964 61.6415 57.9544 54.5222 51.3283 48.3539 45.5793 42.985 40.5522 38.2628 36.1005 34.0499 32.0973 30.2299 28.4367 26.7075 25.0332 23.406 21.8186 20.2649 18.7394 17.2372 15.7544 14.2872 12.8326 11.3881 9.95148 8.52094 7.09501 5.67251 4.25248 2.83412 1.41681 0 
100 95.0091 90.0744 85.248 80.5742 76.0877 71.8123 67.7622 63.9422 60.3503 56.9789 53.8164 50.8489 48.061 45.437 42.961 40.6178 38.3928 36.2725 34.2443 32.2967 30.4192 28.6023 26.8375 25.1171 23.4342 21.7829 20.1578 18.5543 16.9683 15.3964 13.8356 12.2835 10.7379 9.19733 7.6603 6.12583 4.5931 3.06151 1.5306 0 
100 95.3611 90.7666 86.258 81.8715 77.6363 73.5738 69.6977 66.0148 62.5258 59.2266 56.1094 53.1642 50.3789 47.7409 45.2371 42.8544 40.5804 38.4029 36.3107 34.2933 32.3411 30.4451 28.5973 26.7906 25.0183 23.2747 21.5547 19.8538 18.1682 16.4945 14.83 13.1723 11.5195 9.87012 8.22305 6.5774 4.93259 3.28823 1.64408 0 
100 95.6687 91.3728 87.1459 83.0175 79.0122 75.1488 71.4402 67.8936 64.5115 61.2922 58.2306 55.3195 52.5496 49.9107 47.392 44.9825 42.6714 40.448 38.3023 36.2248 34.2067 32.2396 30.3162 28.4296 26.5736 24.7429 22.9325 21.1381 19.3562 17.5835 15.8175 14.0561 12.2976 10.5406 8.78436 7.02814 5.27164 3.51474 1.75747 0 
100 95.9408 91.9102 87.9353 84.0405 80.2463 76.5691 73.0205 69.6078 66.3344 63.2 60.2015 57.3336 54.5892 51.9602 49.4377 47.0122 44.6746 42.4154 40.2258 38.097 36.0211 33.9905 31.9983 30.0379 28.1038 26.1908 24.2941 22.41 20.5348 18.6658 16.8005 14.9371 13.0741 11.2105 9.34561 7.47916 5.61109 3.74161 1.87108 0 
100 96.1843 92.3918 88.6446 84.9627 81.3635 77.8607 74.4649 71.1829 68.0183 64.9718 62.0417 59.2241 56.5135 53.9033 51.3862 48.9542 46.5993 44.3133 42.0883 39.9164 37.7903 35.7031 33.6483 31.6201 29.613 27.6222 25.6433 23.6728 21.7073 19.7443 17.7816 15.8177 13.8512 11.8816 9.90844 7.93179 5.95196 3.96952 1.98524 0 
100 96.4046 92.8281 89.2886 85.8024 82.3841 79.0454 75.7954 72.6405 69.5841 66.6274 63.7695 61.0075 58.3373 55.7533 53.2496 50.8192 48.4552 46.1504 43.8976 41.6899 39.5206 37.3832 35.2719 33.1812 31.1059 29.0416 26.9843 24.9305 22.8774 20.8225 18.7641 16.7007 14.6315 12.5562 10.4748 8.3876 6.29543 4.19928 2.10035 0 
100 96.6061 93.2276 89.8791 86.5743 83.3251 80.1414 77.031 73.9995 71.0501 68.1842 65.4013 62.6993 60.0747 57.5232 55.0395 52.6178 50.2518 47.9353 45.6618 43.425 41.2188 39.0373 36.875 34.7267 32.5878 30.454 28.3217 26.1876 24.0492 21.9043 19.7514 17.5895 15.418 13.237 11.0468 8.8484 6.64289 4.43181 2.21689 0 
100 96.7922 93.5969 90.426 87.2906 84.2006 81.1641 78.1878 75.2763 72.4326 69.658 66.9522 64.3136 61.7392 59.2253 56.7675 54.3605 51.999 49.6772 47.3894 45.1296 42.8924 40.6722 38.464 36.2629 34.0645 31.865 29.6608 27.4491 25.2275 22.9941 20.7478 18.4878 16.2141 13.9269 11.6272 9.31627 6.99592 4.66819 2.33539 0 
100 96.9659 93.9417 90.9373 87.9616 85.0224 82.1267 79.2796 76.4853 73.7461 71.0631 68.4361 65.8635 63.3431 60.8715 58.4446 56.0579 53.7065 51.3853 49.0888 46.8117 44.5489 42.2952 40.0459 37.7963 35.5424 33.2806 31.0075 28.7205 26.4175 24.0969 21.7579 19.4 17.0235 14.6293 12.2187 9.79359 7.35635 4.90964 2.45646 0 
100 97.1295 94.2669 91.42 88.5959 85.8009 83.0405 80.3189 77.6392 75.0034 72.4122 69.8653 67.3614 64.8983 62.4728 60.0814 57.72 55.3839 53.0685 50.7687 48.4796 46.1963 43.9139 41.628 39.3341 37.0284 34.7074 32.368 30.0079 27.625 25.2182 22.7868 20.3307 17.8507 15.348 12.8247 10.2831 7.72623 5.15757 2.58083 0 
100 97.2851 94.5765 91.8799 89.2011 86.5449 83.9155 81.3161 78.7492 76.216 73.717 71.2517 68.8186 66.4157 64.0401 61.6883 59.3566 57.0407 54.736 52.438 50.1418 47.8427 45.5362 43.2179 40.8836 38.5296 36.1525 33.7494 31.318 28.8566 26.3641 23.8403 21.2854 18.7005 16.0875 13.4489 10.7878 8.10794 5.41356 2.70929 0 
100 97.4346 94.8738 92.3222 89.7837 87.2621 84.7604 82.281 79.8254 77.3944 74.9881 72.6057 70.2456 67.9058 65.5834 63.2753 60.9775 58.6862 56.397 54.1053 51.8067 49.4966 47.1704 44.8239 42.453 40.054 37.6236 35.159 32.6581 30.1192 27.5415 24.9249 22.27 19.5785 16.8527 14.0956 11.3113 8.50416 5.67946 2.84277 0 
100 97.5794 95.1621 92.7512 90.3494 87.9594 85.5831 83.222 80.877 78.5482 76.2354 73.9373 71.6525 69.3785 67.1126 64.8517 62.592 60.3296 58.0603 55.7797 53.4832 51.1664 48.8249 46.4542 44.0504 41.6097 39.1288 36.6051 34.0361 31.4206 28.7577 26.0476 23.2913 20.4908 17.649 14.7696 11.8575 8.91798 5.95735 2.98233 0 
100 97.721 95.444 93.1709 90.9034 88.643 86.3906 84.147 81.9123 79.6862 77.4678 75.2558 73.0484 70.843 68.6369 66.4269 64.2092 61.98 59.735 57.4699 55.1801 52.8611 50.5084 48.1176 45.6846 43.2056 40.6771 38.0962 35.4608 32.7693 30.0211 27.2166 24.3569 21.4445 18.4828 15.4765 12.431 9.35293 6.24965 3.12918 0 
100 97.8606 95.722 93.5851 91.4504 89.3184 87.1893 85.063 82.9389 80.8163 78.6938 76.5698 74.4421 72.3083 70.1652 68.0097 65.838 63.6461 61.4298 59.1847 56.9062 54.5895 52.2301 49.8233 47.365 44.8509 42.2776 39.6419 36.9415 34.1748 31.341 28.4406 25.4752 22.4474 19.3614 16.2224 13.0371 9.81309 6.55914 3.28475 0 
100 97.9993 95.9984 93.997 91.9947 89.991 87.9853 85.9768 83.9642 81.9463 79.9214 77.8875 75.8421 73.7827 71.706 69.6086 67.4869 65.3366 63.1535 60.933 58.6703 56.3606 53.999 51.5807 49.101 46.5556 43.9405 41.2524 38.4886 35.6472 32.7275 29.7297 26.6558 23.5086 20.2929 17.0148 13.6819 10.3032 6.88907 3.45069 0 
100 98.1383 96.2753 94.4098 92.5403 90.6656 88.7842 86.8945 84.9948 83.0834 81.1581 79.2165 77.2563 75.2743 73.2674 71.232 69.1643 67.06 64.9146 62.7235 60.4815 58.1836 55.8246 53.3993 50.9027 48.3299 45.6765 42.9386 40.1132 37.198 34.1919 31.0952 27.9095 24.6383 21.2868 17.8619 14.3724 10.8288 7.24324 3.62892 0 
100 98.2786 96.5548 94.8265 93.0913 91.3469 89.5913 87.8221 86.0372 84.2343 82.4109 80.5644 78.6921 76.7908 74.8573 72.8878 70.8783 68.8244 66.7216 64.5647 62.3486 60.0678 57.7166 55.2894 52.7806 50.1848 47.4969 44.7124 41.8276 38.8396 35.747 32.5495 29.2488 25.8484 22.3541 18.7735 15.1169 11.3964 7.62616 3.82176 0 
100 98.4212 96.839 95.2501 93.6513 92.0396 90.4119 88.7655 87.0977 85.4057 83.6867 81.9381 80.1568 78.3396 76.4831 74.5835 72.6366 70.6379 68.5825 66.4652 64.2804 62.0222 59.6845 57.261 54.7455 52.1317 49.4139 46.5866 43.6451 40.586 37.4069 34.107 30.6877 27.1525 23.5075 19.7613 15.9254 12.0139 8.04321 4.03194 0 
100 98.5671 97.1297 95.6835 94.2243 92.7481 91.2513 89.7304 88.1823 86.6039 84.9923 83.3445 81.6574 79.9278 78.1521 76.3265 74.4466 72.508 70.5054 68.4333 66.2857 64.0562 61.7383 59.3247 56.8086 54.1828 51.4403 48.5748 45.5804 42.4524 39.1874 35.7839 32.2425 28.5665 24.7621 20.8388 16.8095 12.6904 8.50087 4.26281 0 
100 98.7175 97.4294 96.13 94.8143 93.4773 92.1147 90.7225 89.2972 87.8354 86.3341 84.7902 83.2006 81.562 79.871 78.1236 76.3156 74.4421 72.4977 70.4768 68.3728 66.1788 63.8875 61.4911 58.9815 56.3504 53.5899 50.6919 47.6493 44.4558 41.1066 37.5988 33.932 30.1089 26.1356 22.0223 17.7833 13.4374 9.00706 4.51844 0 
100 98.8736 97.7402 96.5929 95.4255 94.2321 93.0077 91.7478 90.4486 89.1065 87.7185 86.2815 84.7926 83.2487 81.6463 79.9815 78.25 76.4469 74.5668 72.6033 70.5498 68.3987 66.1419 63.7706 61.2757 58.6477 55.8768 52.9536 49.869 46.6148 43.1843 39.5726 35.7778 31.8014 27.6491 23.3314 18.8641 14.2687 9.57158 4.80388 0 
100 99.0367 98.0648 97.0759 96.0626 95.0179 93.9362 92.8125 91.6427 90.4235 89.1517 87.8248 86.4398 84.9939 83.4839 81.906 80.256 78.5289 76.719 74.82 72.8244 70.7243 68.5106 66.1737 63.7031 61.0877 58.3161 55.3768 52.2584 48.9503 45.4431 41.7295 37.8053 33.6699 29.328 24.79 20.0732 15.2017 10.2067 5.1255 0 
100 99.2085 98.4063 97.5835 96.731 95.8409 94.9067 93.9232 92.8864 91.7929 90.6403 89.426 88.1479 86.8033 85.3894 83.9026 82.339 80.6936 78.9605 77.1331 75.2037 73.1635 71.0027 68.7105 66.2752 63.6839 60.9231 57.9791 54.8375 51.4848 47.9082 44.0971 40.0438 35.7449 31.203 26.4276 21.4369 16.2581 10.928 5.49145 0 
100 99.3908 98.7685 98.1208 97.437 96.7079 95.9264 95.0873 94.1866 93.2216 92.1904 91.0912 89.9224 88.682 87.3676 85.9762 84.5039 82.9459 81.2963 79.5483 77.6937 75.7232 73.6262 71.3906 69.0032 66.4494 63.7135 60.7788 57.6278 54.2432 50.6079 46.7069 42.5278 38.063 33.3114 28.2805 22.9886 17.466 11.7556 5.91233 0 
100 99.5862 99.156 98.6944 98.1882 97.6272 97.0038 96.3128 95.5511 94.7166 93.8085 92.826 91.7685 90.6347 89.4229 88.1307 86.7545 85.2897 83.7306 82.07 80.2996 78.4095 76.3881 74.2224 71.8976 69.3972 66.7028 63.7947 60.6518 57.2521 53.5734 49.5948 45.2976 40.6679 35.699 30.3945 24.771 18.8615 12.7163 6.40222 0 
100 99.798 99.5751 99.3124 98.9942 98.609 98.1488 97.6093 96.9882 96.2853 95.501 94.6359 93.6907 92.6653 91.5587 90.3692 89.0937 87.7279 86.2662 84.7016 83.0253 81.227 79.2944 77.2134 74.9677 72.5388 69.9057 67.0455 63.9326 60.5399 56.839 52.8013 48.3999 43.612 38.4224 32.8273 26.8395 20.4929 13.8456 6.98029 0 
100 100.031 100.034 99.9859 99.8674 99.6657 99.3733 98.9871 98.5072 97.9354 97.2741 96.526 95.6932 94.777 93.7775 92.6936 91.5231 90.262 88.9049 87.4449 85.873 84.1787 82.3492 80.3691 78.2211 75.8845 73.3359 70.5488 67.4932 64.136 60.4412 56.3714 51.8887 46.958 41.5512 35.6527 29.2668 22.425 15.1931 7.6733 0 
100 100.291 100.544 100.73 100.824 100.813 100.691 100.459 100.118 99.6749 99.1341 98.5008 97.7792 96.972 96.0806 95.1048 94.0431 92.892 91.6465 90.2999 88.8432 87.2658 85.5543 83.6929 81.6629 79.4421 77.0047 74.3207 71.3554 68.0695 64.4187 60.3544 55.8254 50.78 45.1717 38.9657 32.1499 24.7472 16.8284 8.51983 0 
100 100.587 101.123 101.565 101.885 102.071 102.121 102.038 101.832 101.512 101.086 100.564 99.9508 99.2512 98.468 97.602 96.6524 95.6164 94.4893 93.2648 91.9343 90.4869 88.9093 87.1854 85.2955 83.2164 80.9201 78.3738 75.5383 72.3679 68.8095 64.8022 60.2783 55.1651 49.3898 42.8884 35.6198 27.5856 18.8535 9.57758 0 
100 100.936 101.796 102.521 103.081 103.466 103.682 103.741 103.66 103.454 103.136 102.718 102.209 101.614 100.938 100.183 99.3482 98.4317 97.4296 96.3358 95.1422 93.8382 92.4107 90.8437 89.1174 87.2077 85.0857 82.716 80.0561 77.0544 73.6492 69.7667 65.3206 60.2122 54.334 47.5784 39.8554 31.1217 21.4226 10.937 0 
100 101.362 102.602 103.643 104.451 105.03 105.399 105.585 105.613 105.507 105.286 104.964 104.552 104.058 103.488 102.843 102.126 101.333 100.462 99.5067 98.4604 97.3129 96.0517 94.6614 93.1225 91.4115 89.4988 87.3485 84.9155 82.1444 78.9661 75.2949 71.0252 66.0291 60.1555 53.2359 45.1018 35.6233 24.7781 12.7477 0 
100 101.908 103.609 104.996 106.051 106.804 107.3 107.586 107.701 107.676 107.536 107.299 106.977 106.579 106.111 105.577 104.978 104.312 103.577 102.769 101.88 100.901 99.822 98.6275 97.3 95.8168 94.1498 92.2635 90.1132 87.6417 84.7759 81.4214 77.4563 72.7235 67.0229 60.1078 51.6925 41.4917 29.3188 15.2757 0 
100 102.661 104.93 106.682 107.954 108.834 109.411 109.758 109.928 109.961 109.884 109.718 109.477 109.169 108.801 108.377 107.897 107.361 106.767 106.112 105.388 104.59 103.707 102.727 101.633 100.406 99.0199 97.4426 95.632 93.5334 91.0744 88.1586 84.6552 80.3856 75.1049 68.4797 60.0689 49.3322 35.7296 19.0362 0 
100 103.805 106.768 108.849 110.248 111.167 111.753 112.106 112.292 112.354 112.322 112.214 112.044 111.82 111.548 111.231 110.871 110.467 110.019 109.522 108.972 108.364 107.69 106.939 106.099 105.154 104.081 102.855 101.439 99.7853 97.8299 95.4834 92.6201 89.0587 84.5315 78.6374 70.7711 60.0387 45.2312 25.1394 0 
100 105.791 109.488 111.697 113.024 113.833 114.328 114.621 114.78 114.843 114.835 114.772 114.664 114.518 114.339 114.129 113.889 113.619 113.318 112.984 112.615 112.205 111.749 111.241 110.672 110.028 109.297 108.457 107.483 106.339 104.976 103.325 101.283 98.6975 95.325 90.7673 84.3392 74.8204 60.0172 36.2902 0 
100 109.872 113.697 115.428 116.316 116.813 117.103 117.272 117.364 117.402 117.403 117.374 117.322 117.251 117.162 117.057 116.937 116.802 116.651 116.483 116.297 116.091 115.861 115.605 115.317 114.991 114.621 114.194 113.697 113.112 112.411 111.557 110.491 109.123 107.304 104.767 100.998 94.8864 83.727 60.0043 0 
120 120 120 120 120 120 120 120 120 120 120 120 120 120 120 120 120 120 120 120 120 120 120 120 120 120 120 120 120 120 120 120 120 120 120 120 120 120 120 120 120 
